4294967279,316
4294967278,349
4294967278,319
4294967278,317
4294967278,316
4294967279,416
4294967278,348
4294967279,313
4294967278,315
4294967279,415
4294967279,312
4294967278,186
4294967279,414
4294967278,241
4294967278,346
4294967279,413
4294967278,383
4294967279,446
4294967278,382
4294967279,412
4294967278,313
4294967279,411
4294967279,174
4294967279,260
4294967279,309
4294967279,445
4294967279,308
4294967279,409
4294967278,381
4294967279,307
4294967278,308
4294967279,408
4294967278,345
4294967279,407
4294967279,444
4294967278,38
4294967278,37
4294967278,34
4294967278,33
4294967278,32
4294967278,31
4294967278,29
4294967278,28
4294967278,27
4294967278,26
4294967278,24
4294967278,23
4294967278,20
4294967278,19
4294967278,18
4294967278,17
4294967278,16
4294967278,15
4294967278,14
4294967278,13
4294967278,12
4294967278,11
4294967278,10
4294967278,9
4294967278,8
4294967278,7
4294967278,6
4294967278,5
4294967278,4
4294967279,132
4294967279,131
4294967279,130
4294967279,129
4294967279,128
4294967279,127
4294967279,126
4294967279,125
4294967279,124
4294967279,123
4294967279,122
4294967279,121
4294967279,120
4294967279,119
4294967279,118
4294967279,117
4294967279,116
4294967279,115
4294967279,114
4294967279,113
4294967278,344
4294967279,406
4294967278,307
4294967278,306
4294967279,305
4294967279,112
4294967279,111
4294967279,110
4294967279,109
4294967279,298
4294967279,405
4294967278,295
4294967279,404
4294967279,108
4294967279,107
4294967279,106
4294967279,105
4294967279,104
4294967279,100
4294967279,99
4294967279,98
4294967279,97
4294967279,96
4294967279,95
4294967279,94
4294967279,93
4294967279,92
4294967279,91
4294967279,35
4294967279,31
4294967279,27
4294967279,26
4294967279,25
4294967279,24
4294967279,23
4294967279,18
4294967279,15
4294967279,13
4294967279,10
4294967278,305
4294967279,304
4294967278,304
4294967279,303
4294967278,303
4294967279,103
4294967279,102
4294967279,403
4294967279,296
4294967278,301
4294967279,295
4294967278,294
4294967279,443
4294967279,101
4294967278,380
4294967279,442
4294967278,300
4294967279,402
4294967279,294
4294967279,145
4294967278,352
4294967278,350
4294967279,420
4294967279,418
4294967278,141
4294967279,141
4294967279,140
4294967279,139
4294967279,279
4294967279,137
4294967294,1087
4294967278,133
4294967278,379
4294967278,347
4294967279,399
4294967278,272
4294967279,290
4294967279,274
4294967279,441
4294967279,410
4294967279,273
4294967278,287
4294967279,289
4294967279,287
4294967279,270
73,5
73,4
4294967279,269
73,3
73,2
73,1
4294967279,268
4294967279,300
4294967279,264
4294967279,396
4294967279,259
4294967278,336
4294967279,258
4294967278,339
4294967278,335
4294967279,394
4294967278,334
4294967279,392
4294967278,333
4294967279,391
4294967279,389
4294967279,387
4294967278,254
4294967279,254
4294967278,253
4294967278,329
4294967279,253
4294967278,252
4294967279,250
4294967278,246
4294967279,242
4294967279,246
70,5
4294967278,244
70,4
4294967279,244
70,3
70,2
70,1
4294967278,242
4294967278,239
4294967278,328
4294967279,234
4294967278,229
4294967278,227
4294967278,224
4294967278,222
4294967278,223
4294967279,222
4294967278,219
68,5
4294967278,213
68,4
4294967279,214
68,3
68,2
68,1
4294967279,440
4294967278,212
4294967278,209
4294967278,208
4294967278,207
4294967278,206
4294967278,203
4294967279,206
4294967278,324
4294967279,205
66,5
66,4
66,3
66,2
66,1
4294967279,317
4294967294,476
4294967279,200
4294967278,320
65,5
65,4
65,3
65,2
65,1
4294967278,292
4294967278,36
4294967278,343
4294967278,35
4294967278,342
4294967278,30
4294967278,137
4294967278,25
4294967278,341
4294967278,22
4294967278,274
4294967278,21
4294967279,401
4294967279,30
4294967279,400
4294967279,29
4294967279,20
4294967279,301
4294967279,12
4294967278,318
4294967279,315
4294967279,314
64,5
64,4
4294967278,188
64,3
64,2
64,1
4294967279,189
4294967279,188
4294967279,187
63,4
63,3
63,2
63,1
4294967294,1424
4294967294,439
4294967294,1158
4294967294,1156
4294967294,162
4294967294,1074
4294967279,183
4294967294,1160
4294967278,378
4294967279,311
62,5
62,4
62,3
62,2
62,1
4294967278,312
4294967279,310
4294967278,311
61,4
4294967279,176
61,3
61,2
61,1
60,4
60,3
60,2
60,1
4294967278,170
4294967294,1078
4294967294,1241
4294967294,387
4294967279,439
59,6
4294967279,306
4294967278,377
4294967278,376
59,5
59,4
4294967279,163
59,3
59,2
59,1
58,4
58,3
58,2
58,1
4294967279,297
4294967279,159
4294967278,155
4294967294,409
4294967294,395
4294967294,396
4294967294,413
4294967294,421
4294967294,385
4294967294,1243
4294967294,178
4294967294,384
4294967294,425
4294967294,468
4294967294,418
4294967294,118
4294967294,113
4294967294,456
4294967279,158
4294967278,302
4294967278,375
57,5
57,4
57,3
57,2
57,1
4294967279,438
56,4
56,3
56,2
56,1
4294967279,149
0,7
4294967294,469
4294967294,186
4294967294,1068
4294967294,1421
4294967294,1072
4294967294,0
4294967294,5
4294967278,374
4294967279,437
4294967294,114
4294967294,115
4294967278,373
4294967279,436
4294967279,0
4294967294,1242
4294967278,291
4294967294,170
